0
14
17
15
16
16
20
17
21
20
19
19
17
16
19
21
11
9
14
20
18
9
14
10
10
16
18
22
21
22
14
9
14
17
14
9
13
10
8
16
17
20
23
10
23
13
20
20
17
9
8
19
23
21
17
14
15
18
18
18
16
10
18
18
17
16
18
23
10
22
20
13
18
20
17
21
20
22
19
15
17
19
18
20
21
20
18
14
18
19
15
17
19
22
19
22
21
19
21
19
15
17
18
15
17
20
20
21
20
18
17
20
17
21
15
14
17
17
19
18
15
17
23
21
22
18
15
14
17
15
16
14
16
16
20
15
16
20
15
15
10
19
12
16
22
18
17
20
21
20
21
21
21
20
20
20
20
22
20
21
20
21
21
19
21
19
17
19
23
20
21
19
18
15
16
23
20
20
20
19
22
20
19
20
20
21
17
16
21
19
16
21
20
16
18
9
11
13
10
14
15
17
18
21
12
19
11
21
21
11
23
11
17
21
13
12
23
12
21
23
12
16
10
13
18
20
21
11
11
20
16
19
16
17
16
14
15
11
22
19
10
10
16
10
13
23
20
12
19
22
16
16
16
19
15
16
16
16
16
21
15
17
21
20
15
17
22
19
10
13
9
16
21
21
21
21
21
12
21
21
21
10
19
10
9
10
9
15
22
13
14
20
22
12
13
13
23
15
16
15
16
14
10
14
13
14
13
15
16
15
16
18
13
11
20
12
21
21
14
23
21
21
16
13
12
17
12
12
15
15
17
18
15
16
20
14
14
13
19
20
20
17
15
18
21
22
15
15
23
19
21
20
22
9
13
16
10
10
18
19
17
16
19
23
21
21
20
19
21
20
18
15
12
13
19
16
22
17
16
18
21
19
22
18
13
12
16
21
21
10
11
17
20
21
20
21
16
21
20
22
21
18
15
12
13
20
16
17
10
22
16
14
17
18
15
13
14
14
21
21
16
20
22
19
21
20
9
15
15
16
19
17
22
20
22
20
20
15
17
22
19
15
16
19
16
19
15
14
18
19
17
18
12
18
14
18
18
18
17
13
15
14
18
15
17
16
21
21
21
21
21
19
17
17
16
17
11
14
13
15
14
20
16
19
20
21
20
22
21
15
22
14
12
18
15
12
15
12
14
20
10
18
10
15
19
17
22
21
17
18
19
14
16
13
12
13
12
20
22
21
14
19
16
16
21
22
17
14
22
17
14
