0
10
15
15
17
10
16
21
19
15
21
20
14
16
15
17
20
17
13
15
18
9
20
21
21
15
20
21
21
20
20
13
19
11
10
12
14
9
20
20
9
17
9
18
10
17
10
13
19
21
18
9
12
13
12
17
9
10
18
21
19
20
18
17
14
18
15
18
12
11
20
15
15
10
16
9
14
10
22
20
16
21
20
9
19
19
17
17
17
16
15
20
20
18
15
9
21
15
9
20
19
9
19
10
14
15
11
14
10
13
9
21
19
21
15
21
14
9
16
17
17
14
18
19
19
11
21
13
12
20
16
9
21
8
16
10
13
21
14
11
11
20
10
19
11
19
21
20
17
10
11
10
9
13
16
16
10
18
19
16
17
17
16
16
11
20
20
19
16
9
10
17
15
15
16
10
10
16
19
15
15
17
16
19
20
20
19
20
15
16
15
21
16
19
15
16
9
17
9
16
10
12
10
15
14
10
10
17
21
11
12
20
20
20
19
10
12
17
16
11
20
11
16
16
15
15
20
10
10
9
18
18
17
20
20
20
8
17
14
20
15
10
9
11
13
10
21
13
10
15
17
13
19
16
15
18
17
19
20
10
14
12
9
12
10
20
9
19
12
11
10
10
9
18
9
16
12
20
20
19
16
10
10
10
10
9
19
9
17
9
19
9
20
10
11
11
14
17
15
16
15
16
20
12
19
16
15
19
11
18
13
21
20
16
20
16
19
9
19
15
14
16
10
18
20
10
11
15
15
20
11
10
18
15
15
13
19
20
16
8
10
15
8
11
19
20
9
20
19
10
11
9
9
11
9
15
17
10
12
10
17
20
13
17
9
10
11
10
21
20
15
21
18
9
18
10
11
11
14
22
19
9
10
16
13
11
9
9
12
17
20
14
11
20
20
10
11
13
13
9
17
21
20
15
12
10
9
13
10
12
12
12
11
16
20
20
20
14
16
17
18
13
20
17
18
15
14
19
16
18
14
18
16
16
16
10
10
12
18
19
12
18
19
14
17
16
15
19
20
15
16
15
16
16
10
14
18
16
9
20
11
19
11
17
13
11
12
11
9
14
10
10
10
17
12
19
18
10
19
18
10
11
14
19
9
15
16
18
16
14
16
16
20
15
20
19
15
15
16
15
17
19
16
16
12
11
18
14
11
11
18
16
20
18
16
15
15
16
20
15
12
12
15
12
12
11
19
21
20
19
17
